A = [1 0 -2;2 1 3;0 1 0];
B = [2 1 1;1 0 -1;1 1 0];
C = A-B
D = A*B
E = A.*B